Precision = 0.440242
Recall = 0.482249
AER = 0.545546
