Precision = 0.537065
Recall = 0.689349
AER = 0.411411
